# Created by Octave 5.2.0, Wed Apr 22 23:25:30 2020 GMT <unknown@DESKTOP-J24QPCT>
# name: ColorStimuli
# type: matrix
# rows: 531
# columns: 2
 300 0.034099999999999998
 301 0.36014000000000002
 302 0.68618000000000001
 303 1.0122199999999999
 304 1.33826
 305 1.6642999999999999
 306 1.99034
 307 2.3163800000000001
 308 2.64242
 309 2.9684599999999999
 310 3.2945000000000002
 311 4.9886499999999998
 312 6.6828000000000003
 313 8.3769500000000008
 314 10.071099999999999
 315 11.7652
 316 13.4594
 317 15.153499999999999
 318 16.8477
 319 18.541799999999999
 320 20.236000000000001
 321 21.9177
 322 23.599499999999999
 323 25.281300000000002
 324 26.963000000000001
 325 28.6447
 326 30.326499999999999
 327 32.008200000000002
 328 33.689999999999998
 329 35.371699999999997
 330 37.0535
 331 37.343000000000004
 332 37.632599999999996
 333 37.9221
 334 38.211599999999997
 335 38.501100000000001
 336 38.790700000000001
 337 39.080199999999998
 338 39.369700000000002
 339 39.659300000000002
 340 39.948799999999999
 341 40.445099999999996
 342 40.941400000000002
 343 41.4377
 344 41.933999999999997
 345 42.430199999999999
 346 42.926499999999997
 347 43.422800000000002
 348 43.9191
 349 44.415399999999998
 350 44.911700000000003
 351 45.084400000000002
 352 45.256999999999998
 353 45.429699999999997
 354 45.6023
 355 45.774999999999999
 356 45.947699999999998
 357 46.1203
 358 46.292999999999999
 359 46.465600000000002
 360 46.638300000000001
 361 47.183399999999999
 362 47.728499999999997
 363 48.273499999999999
 364 48.818600000000004
 365 49.363700000000001
 366 49.908799999999999
 367 50.453899999999997
 368 50.998899999999999
 369 51.543999999999997
 370 52.089100000000002
 371 51.877699999999997
 372 51.666400000000003
 373 51.454999999999998
 374 51.243699999999997
 375 51.032299999999999
 376 50.820900000000002
 377 50.6096
 378 50.398200000000003
 379 50.186900000000001
 380 49.975499999999997
 381 50.442799999999998
 382 50.909999999999997
 383 51.377299999999998
 384 51.8446
 385 52.311799999999998
 386 52.7791
 387 53.246400000000001
 388 53.713700000000003
 389 54.180900000000001
 390 54.648200000000003
 391 57.4589
 392 60.269500000000001
 393 63.080199999999998
 394 65.890900000000002
 395 68.701499999999996
 396 71.512200000000007
 397 74.322900000000004
 398 77.133600000000001
 399 79.944199999999995
 400 82.754900000000006
 401 83.628
 402 84.501099999999994
 403 85.374200000000002
 404 86.247299999999996
 405 87.120400000000004
 406 87.993600000000001
 407 88.866699999999994
 408 89.739800000000002
 409 90.612899999999996
 410 91.486000000000004
 411 91.680599999999998
 412 91.875200000000007
 413 92.069699999999997
 414 92.264300000000006
 415 92.4589
 416 92.653499999999994
 417 92.848100000000002
 418 93.042599999999993
 419 93.237200000000001
 420 93.431799999999996
 421 92.756799999999998
 422 92.081900000000005
 423 91.406899999999993
 424 90.731999999999999
 425 90.057000000000002
 426 89.382099999999994
 427 88.707099999999997
 428 88.032200000000003
 429 87.357200000000006
 430 86.682299999999998
 431 88.500600000000006
 432 90.318799999999996
 433 92.137100000000004
 434 93.955299999999994
 435 95.773600000000002
 436 97.591899999999995
 437 99.4101
 438 101.22799999999999
 439 103.047
 440 104.86499999999999
 441 106.07899999999999
 442 107.29300000000001
 443 108.508
 444 109.72199999999999
 445 110.93600000000001
 446 112.151
 447 113.36499999999999
 448 114.57899999999999
 449 115.79300000000001
 450 117.008
 451 117.08799999999999
 452 117.169
 453 117.249
 454 117.32899999999999
 455 117.41
 456 117.48999999999999
 457 117.571
 458 117.651
 459 117.732
 460 117.812
 461 117.517
 462 117.22199999999999
 463 116.92700000000001
 464 116.63200000000001
 465 116.337
 466 116.041
 467 115.746
 468 115.45099999999999
 469 115.15600000000001
 470 114.861
 471 114.967
 472 115.07299999999999
 473 115.179
 474 115.286
 475 115.392
 476 115.498
 477 115.604
 478 115.70999999999999
 479 115.81699999999999
 480 115.923
 481 115.212
 482 114.5
 483 113.789
 484 113.078
 485 112.367
 486 111.65600000000001
 487 110.944
 488 110.233
 489 109.52200000000001
 490 108.81100000000001
 491 108.86499999999999
 492 108.919
 493 108.974
 494 109.02800000000001
 495 109.083
 496 109.137
 497 109.191
 498 109.246
 499 109.3
 500 109.354
 501 109.199
 502 109.044
 503 108.889
 504 108.733
 505 108.578
 506 108.423
 507 108.268
 508 108.11199999999999
 509 107.95699999999999
 510 107.80200000000001
 511 107.501
 512 107.199
 513 106.898
 514 106.59699999999999
 515 106.29600000000001
 516 105.995
 517 105.693
 518 105.392
 519 105.09099999999999
 520 104.79000000000001
 521 105.08
 522 105.37
 523 105.66
 524 105.95
 525 106.23999999999999
 526 106.53
 527 106.81999999999999
 528 107.11
 529 107.40000000000001
 530 107.68899999999999
 531 107.361
 532 107.033
 533 106.70399999999999
 534 106.376
 535 106.047
 536 105.71899999999999
 537 105.39100000000001
 538 105.062
 539 104.73399999999999
 540 104.405
 541 104.37
 542 104.334
 543 104.298
 544 104.262
 545 104.226
 546 104.19
 547 104.154
 548 104.11799999999999
 549 104.08199999999999
 550 104.04600000000001
 551 103.642
 552 103.23699999999999
 553 102.83199999999999
 554 102.428
 555 102.023
 556 101.61799999999999
 557 101.214
 558 100.809
 559 100.405
 560 100
 561 99.633399999999995
 562 99.266800000000003
 563 98.900300000000001
 564 98.533699999999996
 565 98.167100000000005
 566 97.8005
 567 97.433899999999994
 568 97.067400000000006
 569 96.700800000000001
 570 96.334199999999996
 571 96.279600000000002
 572 96.224999999999994
 573 96.170299999999997
 574 96.115700000000004
 575 96.061099999999996
 576 96.006500000000003
 577 95.951899999999995
 578 95.897199999999998
 579 95.842600000000004
 580 95.787999999999997
 581 95.077799999999996
 582 94.367500000000007
 583 93.657300000000006
 584 92.947000000000003
 585 92.236800000000002
 586 91.526600000000002
 587 90.816299999999998
 588 90.106099999999998
 589 89.395799999999994
 590 88.685599999999994
 591 88.817700000000002
 592 88.949700000000007
 593 89.081800000000001
 594 89.213800000000006
 595 89.3459
 596 89.477999999999994
 597 89.609999999999999
 598 89.742099999999994
 599 89.874099999999999
 600 90.006200000000007
 601 89.965500000000006
 602 89.924800000000005
 603 89.884100000000004
 604 89.843400000000003
 605 89.802599999999998
 606 89.761899999999997
 607 89.721199999999996
 608 89.680499999999995
 609 89.639799999999994
 610 89.599100000000007
 611 89.409099999999995
 612 89.218999999999994
 613 89.028999999999996
 614 88.838899999999995
 615 88.648899999999998
 616 88.4589
 617 88.268799999999999
 618 88.078800000000001
 619 87.8887
 620 87.698700000000002
 621 87.2577
 622 86.816699999999997
 623 86.375699999999995
 624 85.934700000000007
 625 85.493600000000001
 626 85.052599999999998
 627 84.611599999999996
 628 84.170599999999993
 629 83.729600000000005
 630 83.288600000000002
 631 83.329700000000003
 632 83.370699999999999
 633 83.411799999999999
 634 83.452799999999996
 635 83.493899999999996
 636 83.534999999999997
 637 83.575999999999993
 638 83.617099999999994
 639 83.658100000000005
 640 83.699200000000005
 641 83.331999999999994
 642 82.964699999999993
 643 82.597499999999997
 644 82.230199999999996
 645 81.863
 646 81.495800000000003
 647 81.128500000000003
 648 80.761300000000006
 649 80.394000000000005
 650 80.026799999999994
 651 80.045599999999993
 652 80.064400000000006
 653 80.083100000000002
 654 80.101900000000001
 655 80.120699999999999
 656 80.139499999999998
 657 80.158299999999997
 658 80.177000000000007
 659 80.195800000000006
 660 80.214600000000004
 661 80.420900000000003
 662 80.627200000000002
 663 80.833600000000004
 664 81.039900000000003
 665 81.246200000000002
 666 81.452500000000001
 667 81.658799999999999
 668 81.865200000000002
 669 82.0715
 670 82.277799999999999
 671 81.878399999999999
 672 81.479100000000003
 673 81.079700000000003
 674 80.680400000000006
 675 80.281000000000006
