# Created by Octave 5.2.0, Wed Apr 22 23:25:10 2020 GMT <unknown@DESKTOP-J24QPCT>
# name: D65_light
# type: matrix
# rows: 531
# columns: 2
 300 0.93048299999999995
 301 0.96764300000000003
 302 1.00597
 303 1.04549
 304 1.08623
 305 1.1282099999999999
 306 1.17147
 307 1.2160200000000001
 308 1.2618799999999999
 309 1.3090999999999999
 310 1.3576900000000001
 311 1.40768
 312 1.4591000000000001
 313 1.5119800000000001
 314 1.56633
 315 1.62219
 316 1.6795899999999999
 317 1.73855
 318 1.7990999999999999
 319 1.86127
 320 1.9250799999999999
 321 1.99057
 322 2.05776
 323 2.1266699999999998
 324 2.1973400000000001
 325 2.2698
 326 2.3440599999999998
 327 2.4201700000000002
 328 2.4981399999999998
 329 2.5780099999999999
 330 2.6598099999999998
 331 2.7435499999999999
 332 2.8292799999999998
 333 2.9170099999999999
 334 3.00678
 335 3.0986099999999999
 336 3.1925300000000001
 337 3.28857
 338 3.3867600000000002
 339 3.48712
 340 3.58968
 341 3.6944699999999999
 342 3.80152
 343 3.9108499999999999
 344 4.0225
 345 4.1364799999999997
 346 4.2528199999999998
 347 4.3715599999999997
 348 4.4927200000000003
 349 4.6163100000000004
 350 4.7423799999999998
 351 4.8709499999999997
 352 5.00204
 353 5.1356799999999998
 354 5.27189
 355 5.4107000000000003
 356 5.55213
 357 5.6962200000000003
 358 5.8429799999999998
 359 5.9924400000000002
 360 6.1446199999999997
 361 6.29955
 362 6.4572399999999996
 363 6.6177400000000004
 364 6.7810499999999996
 365 6.9471999999999996
 366 7.1162099999999997
 367 7.2881099999999996
 368 7.4629200000000004
 369 7.6406599999999996
 370 7.8213499999999998
 371 8.0050100000000004
 372 8.1916700000000002
 373 8.3813399999999998
 374 8.5740400000000001
 375 8.7698
 376 8.9686400000000006
 377 9.17056
 378 9.37561
 379 9.5837800000000009
 380 9.7950999999999997
 381 10.009600000000001
 382 10.2273
 383 10.4481
 384 10.6722
 385 10.8996
 386 11.1302
 387 11.364000000000001
 388 11.6012
 389 11.8416
 390 12.0853
 391 12.3324
 392 12.582800000000001
 393 12.836600000000001
 394 13.0938
 395 13.3543
 396 13.6182
 397 13.8855
 398 14.1563
 399 14.430400000000001
 400 14.708
 401 14.989100000000001
 402 15.2736
 403 15.5616
 404 15.853
 405 16.148
 406 16.446400000000001
 407 16.7484
 408 17.053799999999999
 409 17.3628
 410 17.6753
 411 17.991299999999999
 412 18.3108
 413 18.633900000000001
 414 18.9605
 415 19.290700000000001
 416 19.624400000000001
 417 19.9617
 418 20.302600000000002
 419 20.646999999999998
 420 20.995000000000001
 421 21.346499999999999
 422 21.701599999999999
 423 22.060300000000002
 424 22.422499999999999
 425 22.7883
 426 23.157699999999998
 427 23.5307
 428 23.9072
 429 24.287299999999998
 430 24.6709
 431 25.0581
 432 25.448899999999998
 433 25.8432
 434 26.241099999999999
 435 26.642499999999998
 436 27.047499999999999
 437 27.456
 438 27.868099999999998
 439 28.2836
 440 28.7027
 441 29.125299999999999
 442 29.551500000000001
 443 29.981100000000001
 444 30.414200000000001
 445 30.8508
 446 31.290900000000001
 447 31.734500000000001
 448 32.1815
 449 32.631999999999998
 450 33.085900000000002
 451 33.543199999999999
 452 34.003999999999998
 453 34.468200000000003
 454 34.9358
 455 35.406799999999997
 456 35.881100000000004
 457 36.358800000000002
 458 36.8399
 459 37.324300000000001
 460 37.812100000000001
 461 38.303100000000001
 462 38.797499999999999
 463 39.295099999999998
 464 39.795999999999999
 465 40.300199999999997
 466 40.807600000000001
 467 41.318199999999997
 468 41.832000000000001
 469 42.3491
 470 42.869300000000003
 471 43.392600000000002
 472 43.919199999999996
 473 44.448799999999999
 474 44.9816
 475 45.517400000000002
 476 46.0563
 477 46.598300000000002
 478 47.143300000000004
 479 47.691299999999998
 480 48.2423
 481 48.796300000000002
 482 49.353299999999997
 483 49.913200000000003
 484 50.475999999999999
 485 51.041800000000002
 486 51.610399999999998
 487 52.181800000000003
 488 52.756100000000004
 489 53.333199999999998
 490 53.913200000000003
 491 54.495800000000003
 492 55.081299999999999
 493 55.669400000000003
 494 56.260300000000001
 495 56.853900000000003
 496 57.450099999999999
 497 58.048900000000003
 498 58.650399999999998
 499 59.2545
 500 59.8611
 501 60.470300000000002
 502 61.082000000000001
 503 61.696199999999997
 504 62.312800000000003
 505 62.932000000000002
 506 63.5535
 507 64.177499999999995
 508 64.803799999999995
 509 65.432500000000005
 510 66.063500000000005
 511 66.696799999999996
 512 67.332400000000007
 513 67.970200000000006
 514 68.610200000000006
 515 69.252499999999998
 516 69.896900000000002
 517 70.543499999999995
 518 71.1922
 519 71.843000000000004
 520 72.495900000000006
 521 73.150800000000004
 522 73.807699999999997
 523 74.4666
 524 75.127499999999998
 525 75.790300000000002
 526 76.455100000000002
 527 77.121700000000004
 528 77.790199999999999
 529 78.460499999999996
 530 79.132599999999996
 531 79.8065
 532 80.482100000000003
 533 81.159499999999994
 534 81.8386
 535 82.519300000000001
 536 83.201700000000002
 537 83.885599999999997
 538 84.571200000000005
 539 85.258399999999995
 540 85.947000000000003
 541 86.637200000000007
 542 87.328800000000001
 543 88.021900000000002
 544 88.716499999999996
 545 89.412400000000005
 546 90.109700000000004
 547 90.808300000000003
 548 91.508200000000002
 549 92.209500000000006
 550 92.912000000000006
 551 93.615700000000004
 552 94.320599999999999
 553 95.026700000000005
 554 95.733900000000006
 555 96.442300000000003
 556 97.151799999999994
 557 97.862300000000005
 558 98.573899999999995
 559 99.2864
 560 100
 561 100.715
 562 101.43000000000001
 563 102.146
 564 102.864
 565 103.58199999999999
 566 104.301
 567 105.02
 568 105.741
 569 106.462
 570 107.184
 571 107.90600000000001
 572 108.63
 573 109.354
 574 110.078
 575 110.803
 576 111.529
 577 112.255
 578 112.982
 579 113.709
 580 114.43600000000001
 581 115.164
 582 115.893
 583 116.622
 584 117.351
 585 118.08
 586 118.81
 587 119.54000000000001
 588 120.27
 589 121.001
 590 121.73099999999999
 591 122.462
 592 123.193
 593 123.92400000000001
 594 124.655
 595 125.386
 596 126.11799999999999
 597 126.849
 598 127.58
 599 128.31200000000001
 600 129.04300000000001
 601 129.774
 602 130.505
 603 131.23599999999999
 604 131.96600000000001
 605 132.697
 606 133.42699999999999
 607 134.15700000000001
 608 134.887
 609 135.61699999999999
 610 136.346
 611 137.07499999999999
 612 137.804
 613 138.53200000000001
 614 139.25999999999999
 615 139.988
 616 140.715
 617 141.441
 618 142.167
 619 142.893
 620 143.61799999999999
 621 144.34299999999999
 622 145.06700000000001
 623 145.78999999999999
 624 146.51300000000001
 625 147.23500000000001
 626 147.95699999999999
 627 148.678
 628 149.398
 629 150.11699999999999
 630 150.83600000000001
 631 151.554
 632 152.27099999999999
 633 152.988
 634 153.70400000000001
 635 154.41800000000001
 636 155.13200000000001
 637 155.845
 638 156.55799999999999
 639 157.26900000000001
 640 157.97900000000001
 641 158.68899999999999
 642 159.39699999999999
 643 160.10400000000001
 644 160.81100000000001
 645 161.51599999999999
 646 162.221
 647 162.92400000000001
 648 163.626
 649 164.327
 650 165.02799999999999
 651 165.726
 652 166.42400000000001
 653 167.12100000000001
 654 167.816
 655 168.50999999999999
 656 169.203
 657 169.89500000000001
 658 170.58600000000001
 659 171.27500000000001
 660 171.96299999999999
 661 172.65000000000001
 662 173.33500000000001
 663 174.01900000000001
 664 174.702
 665 175.38300000000001
 666 176.06299999999999
 667 176.74100000000001
 668 177.41900000000001
 669 178.09399999999999
 670 178.76900000000001
 671 179.441
 672 180.113
 673 180.78299999999999
 674 181.45099999999999
 675 182.11799999999999
 676 182.78299999999999
 677 183.447
 678 184.10900000000001
 679 184.77000000000001
 680 185.429
 681 186.08699999999999
 682 186.74299999999999
 683 187.39699999999999
 684 188.05000000000001
 685 188.70099999999999
 686 189.34999999999999
 687 189.99799999999999
 688 190.64400000000001
